(kicad_pcb (version 20171130) (host pcbnew 5.0.0+dfsg1-2)

  (general
    (thickness 1.6)
    (drawings 8)
    (tracks 190)
    (zones 0)
    (modules 17)
    (nets 19)
  )

  (page A4)
  (layers
    (0 F.Cu signal)
    (31 B.Cu signal)
    (32 B.Adhes user)
    (33 F.Adhes user)
    (34 B.Paste user)
    (35 F.Paste user)
    (36 B.SilkS user)
    (37 F.SilkS user)
    (38 B.Mask user)
    (39 F.Mask user)
    (40 Dwgs.User user)
    (41 Cmts.User user hide)
    (42 Eco1.User user)
    (43 Eco2.User user)
    (44 Edge.Cuts user)
    (45 Margin user)
    (46 B.CrtYd user)
    (47 F.CrtYd user)
    (48 B.Fab user hide)
    (49 F.Fab user hide)
  )

  (setup
    (last_trace_width 0.1524)
    (trace_clearance 0.1524)
    (zone_clearance 0.381)
    (zone_45_only no)
    (trace_min 0.1524)
    (segment_width 0.2)
    (edge_width 0.15)
    (via_size 0.6858)
    (via_drill 0.3302)
    (via_min_size 0.508)
    (via_min_drill 0.254)
    (uvia_size 0.6858)
    (uvia_drill 0.3302)
    (uvias_allowed no)
    (uvia_min_size 0.2)
    (uvia_min_drill 0.1)
    (pcb_text_width 0.3)
    (pcb_text_size 1.5 1.5)
    (mod_edge_width 0.15)
    (mod_text_size 1 1)
    (mod_text_width 0.15)
    (pad_size 1.524 1.524)
    (pad_drill 0.762)
    (pad_to_mask_clearance 0.0508)
    (aux_axis_origin 0 0)
    (grid_origin 53 44)
    (visible_elements FFFFFF7F)
    (pcbplotparams
      (layerselection 0x010fc_ffffffff)
      (usegerberextensions false)
      (usegerberattributes false)
      (usegerberadvancedattributes false)
      (creategerberjobfile false)
      (excludeedgelayer true)
      (linewidth 0.100000)
      (plotframeref false)
      (viasonmask false)
      (mode 1)
      (useauxorigin false)
      (hpglpennumber 1)
      (hpglpenspeed 20)
      (hpglpendiameter 15.000000)
      (psnegative false)
      (psa4output false)
      (plotreference true)
      (plotvalue true)
      (plotinvisibletext false)
      (padsonsilk false)
      (subtractmaskfromsilk false)
      (outputformat 1)
      (mirror false)
      (drillshape 1)
      (scaleselection 1)
      (outputdirectory ""))
  )

  (net 0 "")
  (net 1 VCC)
  (net 2 GND)
  (net 3 "Net-(D1-Pad3)")
  (net 4 "Net-(D1-Pad2)")
  (net 5 /SI)
  (net 6 "Net-(J1-Pad3)")
  (net 7 /Q2.1)
  (net 8 /SO)
  (net 9 "Net-(J1-Pad6)")
  (net 10 /SCK)
  (net 11 /Q1.1)
  (net 12 "Net-(J1-Pad10)")
  (net 13 "Net-(J1-Pad11)")
  (net 14 "Net-(J1-Pad12)")
  (net 15 "Net-(J1-Pad13)")
  (net 16 /~HOLD)
  (net 17 /~WP)
  (net 18 /~CS)

  (net_class Default "This is the default net class."
    (clearance 0.1524)
    (trace_width 0.1524)
    (via_dia 0.6858)
    (via_drill 0.3302)
    (uvia_dia 0.6858)
    (uvia_drill 0.3302)
    (diff_pair_gap 0.1524)
    (diff_pair_width 0.1524)
    (add_net /Q1.1)
    (add_net /Q2.1)
    (add_net /SCK)
    (add_net /SI)
    (add_net /SO)
    (add_net /~CS)
    (add_net /~HOLD)
    (add_net /~WP)
    (add_net GND)
    (add_net "Net-(D1-Pad2)")
    (add_net "Net-(D1-Pad3)")
    (add_net "Net-(J1-Pad10)")
    (add_net "Net-(J1-Pad11)")
    (add_net "Net-(J1-Pad12)")
    (add_net "Net-(J1-Pad13)")
    (add_net "Net-(J1-Pad3)")
    (add_net "Net-(J1-Pad6)")
    (add_net VCC)
  )

  (module Capacitor_SMD:C_0603_1608Metric (layer B.Cu) (tedit 5BDD12C6) (tstamp 5BEA6115)
    (at 58.842 53.5505 270)
    (descr "Capacitor SMD 0603 (1608 Metric), square (rectangular) end terminal, IPC_7351 nominal, (Body size source: http://www.tortai-tech.com/upload/download/2011102023233369053.pdf), generated with kicad-footprint-generator")
    (tags capacitor)
    (path /5BDDDC8F)
    (attr smd)
    (fp_text reference C4 (at 2.8955 -0.127 270) (layer B.SilkS)
      (effects (font (size 1 1) (thickness 0.15)) (justify mirror))
    )
    (fp_text value C (at 0 -1.524 270) (layer B.Fab)
      (effects (font (size 1 1) (thickness 0.15)) (justify mirror))
    )
    (fp_text user %R (at 0 0 270) (layer B.Fab)
      (effects (font (size 0.4 0.4) (thickness 0.06)) (justify mirror))
    )
    (fp_line (start 1.48 -0.73) (end -1.48 -0.73) (layer B.CrtYd) (width 0.05))
    (fp_line (start 1.48 0.73) (end 1.48 -0.73) (layer B.CrtYd) (width 0.05))
    (fp_line (start -1.48 0.73) (end 1.48 0.73) (layer B.CrtYd) (width 0.05))
    (fp_line (start -1.48 -0.73) (end -1.48 0.73) (layer B.CrtYd) (width 0.05))
    (fp_line (start -0.162779 -0.51) (end 0.162779 -0.51) (layer B.SilkS) (width 0.12))
    (fp_line (start -0.162779 0.51) (end 0.162779 0.51) (layer B.SilkS) (width 0.12))
    (fp_line (start 0.8 -0.4) (end -0.8 -0.4) (layer B.Fab) (width 0.1))
    (fp_line (start 0.8 0.4) (end 0.8 -0.4) (layer B.Fab) (width 0.1))
    (fp_line (start -0.8 0.4) (end 0.8 0.4) (layer B.Fab) (width 0.1))
    (fp_line (start -0.8 -0.4) (end -0.8 0.4) (layer B.Fab) (width 0.1))
    (pad 2 smd roundrect (at 0.7875 0 270) (size 0.875 0.95) (layers B.Cu B.Paste B.Mask) (roundrect_rratio 0.25)
      (net 2 GND))
    (pad 1 smd roundrect (at -0.7875 0 270) (size 0.875 0.95) (layers B.Cu B.Paste B.Mask) (roundrect_rratio 0.25)
      (net 1 VCC))
    (model ${KISYS3DMOD}/Capacitor_SMD.3dshapes/C_0603_1608Metric.wrl
      (at (xyz 0 0 0))
      (scale (xyz 1 1 1))
      (rotate (xyz 0 0 0))
    )
  )

  (module Capacitor_SMD:C_0603_1608Metric (layer B.Cu) (tedit 5B301BBE) (tstamp 5BEA6104)
    (at 51.73 55.811 270)
    (descr "Capacitor SMD 0603 (1608 Metric), square (rectangular) end terminal, IPC_7351 nominal, (Body size source: http://www.tortai-tech.com/upload/download/2011102023233369053.pdf), generated with kicad-footprint-generator")
    (tags capacitor)
    (path /5BDDDC89)
    (attr smd)
    (fp_text reference C3 (at -2.54 0 270) (layer B.SilkS)
      (effects (font (size 1 1) (thickness 0.15)) (justify mirror))
    )
    (fp_text value C (at 1.905 0 270) (layer B.Fab)
      (effects (font (size 1 1) (thickness 0.15)) (justify mirror))
    )
    (fp_line (start -0.8 -0.4) (end -0.8 0.4) (layer B.Fab) (width 0.1))
    (fp_line (start -0.8 0.4) (end 0.8 0.4) (layer B.Fab) (width 0.1))
    (fp_line (start 0.8 0.4) (end 0.8 -0.4) (layer B.Fab) (width 0.1))
    (fp_line (start 0.8 -0.4) (end -0.8 -0.4) (layer B.Fab) (width 0.1))
    (fp_line (start -0.162779 0.51) (end 0.162779 0.51) (layer B.SilkS) (width 0.12))
    (fp_line (start -0.162779 -0.51) (end 0.162779 -0.51) (layer B.SilkS) (width 0.12))
    (fp_line (start -1.48 -0.73) (end -1.48 0.73) (layer B.CrtYd) (width 0.05))
    (fp_line (start -1.48 0.73) (end 1.48 0.73) (layer B.CrtYd) (width 0.05))
    (fp_line (start 1.48 0.73) (end 1.48 -0.73) (layer B.CrtYd) (width 0.05))
    (fp_line (start 1.48 -0.73) (end -1.48 -0.73) (layer B.CrtYd) (width 0.05))
    (fp_text user %R (at 0 0 270) (layer B.Fab)
      (effects (font (size 0.4 0.4) (thickness 0.06)) (justify mirror))
    )
    (pad 1 smd roundrect (at -0.7875 0 270) (size 0.875 0.95) (layers B.Cu B.Paste B.Mask) (roundrect_rratio 0.25)
      (net 1 VCC))
    (pad 2 smd roundrect (at 0.7875 0 270) (size 0.875 0.95) (layers B.Cu B.Paste B.Mask) (roundrect_rratio 0.25)
      (net 2 GND))
    (model ${KISYS3DMOD}/Capacitor_SMD.3dshapes/C_0603_1608Metric.wrl
      (at (xyz 0 0 0))
      (scale (xyz 1 1 1))
      (rotate (xyz 0 0 0))
    )
  )

  (module Package_SO:SOIC-8_3.9x4.9mm_P1.27mm (layer B.Cu) (tedit 5BDD1297) (tstamp 5BEA4CE4)
    (at 55.54 55.684 90)
    (descr "8-Lead Plastic Small Outline (SN) - Narrow, 3.90 mm Body [SOIC] (see Microchip Packaging Specification 00000049BS.pdf)")
    (tags "SOIC 1.27")
    (path /5BDCEBDB)
    (attr smd)
    (fp_text reference U2 (at -3.048 -3.556 180) (layer B.SilkS)
      (effects (font (size 1 1) (thickness 0.15)) (justify mirror))
    )
    (fp_text value SPI25-8 (at -0.127 -1.143 90) (layer B.Fab)
      (effects (font (size 1 1) (thickness 0.15)) (justify mirror))
    )
    (fp_text user %R (at 0 0 90) (layer B.Fab)
      (effects (font (size 1 1) (thickness 0.15)) (justify mirror))
    )
    (fp_line (start -0.95 2.45) (end 1.95 2.45) (layer B.Fab) (width 0.1))
    (fp_line (start 1.95 2.45) (end 1.95 -2.45) (layer B.Fab) (width 0.1))
    (fp_line (start 1.95 -2.45) (end -1.95 -2.45) (layer B.Fab) (width 0.1))
    (fp_line (start -1.95 -2.45) (end -1.95 1.45) (layer B.Fab) (width 0.1))
    (fp_line (start -1.95 1.45) (end -0.95 2.45) (layer B.Fab) (width 0.1))
    (fp_line (start -3.73 2.7) (end -3.73 -2.7) (layer B.CrtYd) (width 0.05))
    (fp_line (start 3.73 2.7) (end 3.73 -2.7) (layer B.CrtYd) (width 0.05))
    (fp_line (start -3.73 2.7) (end 3.73 2.7) (layer B.CrtYd) (width 0.05))
    (fp_line (start -3.73 -2.7) (end 3.73 -2.7) (layer B.CrtYd) (width 0.05))
    (fp_line (start -2.075 2.575) (end -2.075 2.525) (layer B.SilkS) (width 0.15))
    (fp_line (start 2.075 2.575) (end 2.075 2.43) (layer B.SilkS) (width 0.15))
    (fp_line (start 2.075 -2.575) (end 2.075 -2.43) (layer B.SilkS) (width 0.15))
    (fp_line (start -2.075 -2.575) (end -2.075 -2.43) (layer B.SilkS) (width 0.15))
    (fp_line (start -2.075 2.575) (end 2.075 2.575) (layer B.SilkS) (width 0.15))
    (fp_line (start -2.075 -2.575) (end 2.075 -2.575) (layer B.SilkS) (width 0.15))
    (fp_line (start -2.075 2.525) (end -3.475 2.525) (layer B.SilkS) (width 0.15))
    (pad 1 smd rect (at -2.7 1.905 90) (size 1.55 0.6) (layers B.Cu B.Paste B.Mask)
      (net 18 /~CS))
    (pad 2 smd rect (at -2.7 0.635 90) (size 1.55 0.6) (layers B.Cu B.Paste B.Mask)
      (net 8 /SO))
    (pad 3 smd rect (at -2.7 -0.635 90) (size 1.55 0.6) (layers B.Cu B.Paste B.Mask)
      (net 17 /~WP))
    (pad 4 smd rect (at -2.7 -1.905 90) (size 1.55 0.6) (layers B.Cu B.Paste B.Mask)
      (net 2 GND))
    (pad 5 smd rect (at 2.7 -1.905 90) (size 1.55 0.6) (layers B.Cu B.Paste B.Mask)
      (net 5 /SI))
    (pad 6 smd rect (at 2.7 -0.635 90) (size 1.55 0.6) (layers B.Cu B.Paste B.Mask)
      (net 10 /SCK))
    (pad 7 smd rect (at 2.7 0.635 90) (size 1.55 0.6) (layers B.Cu B.Paste B.Mask)
      (net 16 /~HOLD))
    (pad 8 smd rect (at 2.7 1.905 90) (size 1.55 0.6) (layers B.Cu B.Paste B.Mask)
      (net 1 VCC))
    (model ${KISYS3DMOD}/Package_SO.3dshapes/SOIC-8_3.9x4.9mm_P1.27mm.wrl
      (at (xyz 0 0 0))
      (scale (xyz 1 1 1))
      (rotate (xyz 0 0 0))
    )
  )

  (module Package_TO_SOT_SMD:SOT-23 (layer F.Cu) (tedit 5A02FF57) (tstamp 5BEA0174)
    (at 65.7 58.859)
    (descr "SOT-23, Standard")
    (tags SOT-23)
    (path /5BDD5A44)
    (attr smd)
    (fp_text reference D1 (at -2.413 1.524 90) (layer F.SilkS)
      (effects (font (size 1 1) (thickness 0.15)))
    )
    (fp_text value D_x2_ACom_AKK (at 0 2.5) (layer F.Fab)
      (effects (font (size 1 1) (thickness 0.15)))
    )
    (fp_line (start 0.76 1.58) (end -0.7 1.58) (layer F.SilkS) (width 0.12))
    (fp_line (start 0.76 -1.58) (end -1.4 -1.58) (layer F.SilkS) (width 0.12))
    (fp_line (start -1.7 1.75) (end -1.7 -1.75) (layer F.CrtYd) (width 0.05))
    (fp_line (start 1.7 1.75) (end -1.7 1.75) (layer F.CrtYd) (width 0.05))
    (fp_line (start 1.7 -1.75) (end 1.7 1.75) (layer F.CrtYd) (width 0.05))
    (fp_line (start -1.7 -1.75) (end 1.7 -1.75) (layer F.CrtYd) (width 0.05))
    (fp_line (start 0.76 -1.58) (end 0.76 -0.65) (layer F.SilkS) (width 0.12))
    (fp_line (start 0.76 1.58) (end 0.76 0.65) (layer F.SilkS) (width 0.12))
    (fp_line (start -0.7 1.52) (end 0.7 1.52) (layer F.Fab) (width 0.1))
    (fp_line (start 0.7 -1.52) (end 0.7 1.52) (layer F.Fab) (width 0.1))
    (fp_line (start -0.7 -0.95) (end -0.15 -1.52) (layer F.Fab) (width 0.1))
    (fp_line (start -0.15 -1.52) (end 0.7 -1.52) (layer F.Fab) (width 0.1))
    (fp_line (start -0.7 -0.95) (end -0.7 1.5) (layer F.Fab) (width 0.1))
    (fp_text user %R (at 0 0 90) (layer F.Fab)
      (effects (font (size 0.5 0.5) (thickness 0.075)))
    )
    (pad 3 smd rect (at 1 0) (size 0.9 0.8) (layers F.Cu F.Paste F.Mask)
      (net 3 "Net-(D1-Pad3)"))
    (pad 2 smd rect (at -1 0.95) (size 0.9 0.8) (layers F.Cu F.Paste F.Mask)
      (net 4 "Net-(D1-Pad2)"))
    (pad 1 smd rect (at -1 -0.95) (size 0.9 0.8) (layers F.Cu F.Paste F.Mask)
      (net 1 VCC))
    (model ${KISYS3DMOD}/Package_TO_SOT_SMD.3dshapes/SOT-23.wrl
      (at (xyz 0 0 0))
      (scale (xyz 1 1 1))
      (rotate (xyz 0 0 0))
    )
  )

  (module Package_SO:SOIC-16W_7.5x10.3mm_P1.27mm (layer F.Cu) (tedit 5A02F2D3) (tstamp 5BEA284B)
    (at 56.175 55.684 90)
    (descr "16-Lead Plastic Small Outline (SO) - Wide, 7.50 mm Body [SOIC] (see Microchip Packaging Specification 00000049BS.pdf)")
    (tags "SOIC 1.27")
    (path /5BDCEC97)
    (attr smd)
    (fp_text reference U1 (at 4.953 -5.461 270) (layer F.SilkS)
      (effects (font (size 1 1) (thickness 0.15)))
    )
    (fp_text value SPI25-16 (at 0 6.25 90) (layer F.Fab)
      (effects (font (size 1 1) (thickness 0.15)))
    )
    (fp_text user %R (at 0 0 90) (layer F.Fab)
      (effects (font (size 1 1) (thickness 0.15)))
    )
    (fp_line (start -2.75 -5.15) (end 3.75 -5.15) (layer F.Fab) (width 0.15))
    (fp_line (start 3.75 -5.15) (end 3.75 5.15) (layer F.Fab) (width 0.15))
    (fp_line (start 3.75 5.15) (end -3.75 5.15) (layer F.Fab) (width 0.15))
    (fp_line (start -3.75 5.15) (end -3.75 -4.15) (layer F.Fab) (width 0.15))
    (fp_line (start -3.75 -4.15) (end -2.75 -5.15) (layer F.Fab) (width 0.15))
    (fp_line (start -5.65 -5.5) (end -5.65 5.5) (layer F.CrtYd) (width 0.05))
    (fp_line (start 5.65 -5.5) (end 5.65 5.5) (layer F.CrtYd) (width 0.05))
    (fp_line (start -5.65 -5.5) (end 5.65 -5.5) (layer F.CrtYd) (width 0.05))
    (fp_line (start -5.65 5.5) (end 5.65 5.5) (layer F.CrtYd) (width 0.05))
    (fp_line (start -3.875 -5.325) (end -3.875 -5.05) (layer F.SilkS) (width 0.15))
    (fp_line (start 3.875 -5.325) (end 3.875 -4.97) (layer F.SilkS) (width 0.15))
    (fp_line (start 3.875 5.325) (end 3.875 4.97) (layer F.SilkS) (width 0.15))
    (fp_line (start -3.875 5.325) (end -3.875 4.97) (layer F.SilkS) (width 0.15))
    (fp_line (start -3.875 -5.325) (end 3.875 -5.325) (layer F.SilkS) (width 0.15))
    (fp_line (start -3.875 5.325) (end 3.875 5.325) (layer F.SilkS) (width 0.15))
    (fp_line (start -3.875 -5.05) (end -5.4 -5.05) (layer F.SilkS) (width 0.15))
    (pad 1 smd rect (at -4.65 -4.445 90) (size 1.5 0.6) (layers F.Cu F.Paste F.Mask)
      (net 16 /~HOLD))
    (pad 2 smd rect (at -4.65 -3.175 90) (size 1.5 0.6) (layers F.Cu F.Paste F.Mask)
      (net 1 VCC))
    (pad 3 smd rect (at -4.65 -1.905 90) (size 1.5 0.6) (layers F.Cu F.Paste F.Mask))
    (pad 4 smd rect (at -4.65 -0.635 90) (size 1.5 0.6) (layers F.Cu F.Paste F.Mask))
    (pad 5 smd rect (at -4.65 0.635 90) (size 1.5 0.6) (layers F.Cu F.Paste F.Mask))
    (pad 6 smd rect (at -4.65 1.905 90) (size 1.5 0.6) (layers F.Cu F.Paste F.Mask))
    (pad 7 smd rect (at -4.65 3.175 90) (size 1.5 0.6) (layers F.Cu F.Paste F.Mask)
      (net 18 /~CS))
    (pad 8 smd rect (at -4.65 4.445 90) (size 1.5 0.6) (layers F.Cu F.Paste F.Mask)
      (net 8 /SO))
    (pad 9 smd rect (at 4.65 4.445 90) (size 1.5 0.6) (layers F.Cu F.Paste F.Mask)
      (net 17 /~WP))
    (pad 10 smd rect (at 4.65 3.175 90) (size 1.5 0.6) (layers F.Cu F.Paste F.Mask)
      (net 2 GND))
    (pad 11 smd rect (at 4.65 1.905 90) (size 1.5 0.6) (layers F.Cu F.Paste F.Mask))
    (pad 12 smd rect (at 4.65 0.635 90) (size 1.5 0.6) (layers F.Cu F.Paste F.Mask))
    (pad 13 smd rect (at 4.65 -0.635 90) (size 1.5 0.6) (layers F.Cu F.Paste F.Mask))
    (pad 14 smd rect (at 4.65 -1.905 90) (size 1.5 0.6) (layers F.Cu F.Paste F.Mask))
    (pad 15 smd rect (at 4.65 -3.175 90) (size 1.5 0.6) (layers F.Cu F.Paste F.Mask)
      (net 5 /SI))
    (pad 16 smd rect (at 4.65 -4.445 90) (size 1.5 0.6) (layers F.Cu F.Paste F.Mask)
      (net 10 /SCK))
    (model ${KISYS3DMOD}/Package_SO.3dshapes/SOIC-16W_7.5x10.3mm_P1.27mm.wrl
      (at (xyz 0 0 0))
      (scale (xyz 1 1 1))
      (rotate (xyz 0 0 0))
    )
  )

  (module Capacitor_SMD:C_0603_1608Metric (layer F.Cu) (tedit 5B301BBE) (tstamp 5BEA014E)
    (at 55.413 62.542)
    (descr "Capacitor SMD 0603 (1608 Metric), square (rectangular) end terminal, IPC_7351 nominal, (Body size source: http://www.tortai-tech.com/upload/download/2011102023233369053.pdf), generated with kicad-footprint-generator")
    (tags capacitor)
    (path /5BDCF9E6)
    (attr smd)
    (fp_text reference C1 (at 0 1.524) (layer F.SilkS)
      (effects (font (size 1 1) (thickness 0.15)))
    )
    (fp_text value C (at 0 1.43) (layer F.Fab)
      (effects (font (size 1 1) (thickness 0.15)))
    )
    (fp_line (start -0.8 0.4) (end -0.8 -0.4) (layer F.Fab) (width 0.1))
    (fp_line (start -0.8 -0.4) (end 0.8 -0.4) (layer F.Fab) (width 0.1))
    (fp_line (start 0.8 -0.4) (end 0.8 0.4) (layer F.Fab) (width 0.1))
    (fp_line (start 0.8 0.4) (end -0.8 0.4) (layer F.Fab) (width 0.1))
    (fp_line (start -0.162779 -0.51) (end 0.162779 -0.51) (layer F.SilkS) (width 0.12))
    (fp_line (start -0.162779 0.51) (end 0.162779 0.51) (layer F.SilkS) (width 0.12))
    (fp_line (start -1.48 0.73) (end -1.48 -0.73) (layer F.CrtYd) (width 0.05))
    (fp_line (start -1.48 -0.73) (end 1.48 -0.73) (layer F.CrtYd) (width 0.05))
    (fp_line (start 1.48 -0.73) (end 1.48 0.73) (layer F.CrtYd) (width 0.05))
    (fp_line (start 1.48 0.73) (end -1.48 0.73) (layer F.CrtYd) (width 0.05))
    (fp_text user %R (at 0 0) (layer F.Fab)
      (effects (font (size 0.4 0.4) (thickness 0.06)))
    )
    (pad 1 smd roundrect (at -0.7875 0) (size 0.875 0.95) (layers F.Cu F.Paste F.Mask) (roundrect_rratio 0.25)
      (net 1 VCC))
    (pad 2 smd roundrect (at 0.7875 0) (size 0.875 0.95) (layers F.Cu F.Paste F.Mask) (roundrect_rratio 0.25)
      (net 2 GND))
    (model ${KISYS3DMOD}/Capacitor_SMD.3dshapes/C_0603_1608Metric.wrl
      (at (xyz 0 0 0))
      (scale (xyz 1 1 1))
      (rotate (xyz 0 0 0))
    )
  )

  (module Capacitor_SMD:C_0603_1608Metric (layer F.Cu) (tedit 5B301BBE) (tstamp 5BEA015F)
    (at 53.0255 48.572)
    (descr "Capacitor SMD 0603 (1608 Metric), square (rectangular) end terminal, IPC_7351 nominal, (Body size source: http://www.tortai-tech.com/upload/download/2011102023233369053.pdf), generated with kicad-footprint-generator")
    (tags capacitor)
    (path /5BDCFA5B)
    (attr smd)
    (fp_text reference C2 (at 2.5145 0) (layer F.SilkS)
      (effects (font (size 1 1) (thickness 0.15)))
    )
    (fp_text value C (at 0 1.43) (layer F.Fab)
      (effects (font (size 1 1) (thickness 0.15)))
    )
    (fp_text user %R (at 0 0) (layer F.Fab)
      (effects (font (size 0.4 0.4) (thickness 0.06)))
    )
    (fp_line (start 1.48 0.73) (end -1.48 0.73) (layer F.CrtYd) (width 0.05))
    (fp_line (start 1.48 -0.73) (end 1.48 0.73) (layer F.CrtYd) (width 0.05))
    (fp_line (start -1.48 -0.73) (end 1.48 -0.73) (layer F.CrtYd) (width 0.05))
    (fp_line (start -1.48 0.73) (end -1.48 -0.73) (layer F.CrtYd) (width 0.05))
    (fp_line (start -0.162779 0.51) (end 0.162779 0.51) (layer F.SilkS) (width 0.12))
    (fp_line (start -0.162779 -0.51) (end 0.162779 -0.51) (layer F.SilkS) (width 0.12))
    (fp_line (start 0.8 0.4) (end -0.8 0.4) (layer F.Fab) (width 0.1))
    (fp_line (start 0.8 -0.4) (end 0.8 0.4) (layer F.Fab) (width 0.1))
    (fp_line (start -0.8 -0.4) (end 0.8 -0.4) (layer F.Fab) (width 0.1))
    (fp_line (start -0.8 0.4) (end -0.8 -0.4) (layer F.Fab) (width 0.1))
    (pad 2 smd roundrect (at 0.7875 0) (size 0.875 0.95) (layers F.Cu F.Paste F.Mask) (roundrect_rratio 0.25)
      (net 2 GND))
    (pad 1 smd roundrect (at -0.7875 0) (size 0.875 0.95) (layers F.Cu F.Paste F.Mask) (roundrect_rratio 0.25)
      (net 1 VCC))
    (model ${KISYS3DMOD}/Capacitor_SMD.3dshapes/C_0603_1608Metric.wrl
      (at (xyz 0 0 0))
      (scale (xyz 1 1 1))
      (rotate (xyz 0 0 0))
    )
  )

  (module Package_TO_SOT_SMD:SOT-23 (layer F.Cu) (tedit 5A02FF57) (tstamp 5BEA0189)
    (at 65.7 62.989)
    (descr "SOT-23, Standard")
    (tags SOT-23)
    (path /5BDD3480)
    (attr smd)
    (fp_text reference D2 (at -2.286 0.95 90) (layer F.SilkS)
      (effects (font (size 1 1) (thickness 0.15)))
    )
    (fp_text value D_x2_ACom_AKK (at 0 2.5) (layer F.Fab)
      (effects (font (size 1 1) (thickness 0.15)))
    )
    (fp_text user %R (at 0 0 90) (layer F.Fab)
      (effects (font (size 0.5 0.5) (thickness 0.075)))
    )
    (fp_line (start -0.7 -0.95) (end -0.7 1.5) (layer F.Fab) (width 0.1))
    (fp_line (start -0.15 -1.52) (end 0.7 -1.52) (layer F.Fab) (width 0.1))
    (fp_line (start -0.7 -0.95) (end -0.15 -1.52) (layer F.Fab) (width 0.1))
    (fp_line (start 0.7 -1.52) (end 0.7 1.52) (layer F.Fab) (width 0.1))
    (fp_line (start -0.7 1.52) (end 0.7 1.52) (layer F.Fab) (width 0.1))
    (fp_line (start 0.76 1.58) (end 0.76 0.65) (layer F.SilkS) (width 0.12))
    (fp_line (start 0.76 -1.58) (end 0.76 -0.65) (layer F.SilkS) (width 0.12))
    (fp_line (start -1.7 -1.75) (end 1.7 -1.75) (layer F.CrtYd) (width 0.05))
    (fp_line (start 1.7 -1.75) (end 1.7 1.75) (layer F.CrtYd) (width 0.05))
    (fp_line (start 1.7 1.75) (end -1.7 1.75) (layer F.CrtYd) (width 0.05))
    (fp_line (start -1.7 1.75) (end -1.7 -1.75) (layer F.CrtYd) (width 0.05))
    (fp_line (start 0.76 -1.58) (end -1.4 -1.58) (layer F.SilkS) (width 0.12))
    (fp_line (start 0.76 1.58) (end -0.7 1.58) (layer F.SilkS) (width 0.12))
    (pad 1 smd rect (at -1 -0.95) (size 0.9 0.8) (layers F.Cu F.Paste F.Mask)
      (net 1 VCC))
    (pad 2 smd rect (at -1 0.95) (size 0.9 0.8) (layers F.Cu F.Paste F.Mask)
      (net 4 "Net-(D1-Pad2)"))
    (pad 3 smd rect (at 1 0) (size 0.9 0.8) (layers F.Cu F.Paste F.Mask)
      (net 3 "Net-(D1-Pad3)"))
    (model ${KISYS3DMOD}/Package_TO_SOT_SMD.3dshapes/SOT-23.wrl
      (at (xyz 0 0 0))
      (scale (xyz 1 1 1))
      (rotate (xyz 0 0 0))
    )
  )

  (module Connector_PinHeader_2.00mm:PinHeader_2x07_P2.00mm_Vertical (layer F.Cu) (tedit 5BDCF845) (tstamp 5BEA01AD)
    (at 53 46 90)
    (descr "Through hole straight pin header, 2x07, 2.00mm pitch, double rows")
    (tags "Through hole pin header THT 2x07 2.00mm double row")
    (path /5BDCEF7D)
    (fp_text reference J1 (at 2.508 -1.905 180) (layer F.SilkS)
      (effects (font (size 1 1) (thickness 0.15)))
    )
    (fp_text value Conn_02x07_Odd_Even (at 1 14.06 90) (layer F.Fab) hide
      (effects (font (size 1 1) (thickness 0.15)))
    )
    (fp_line (start 0 -1) (end 3 -1) (layer F.Fab) (width 0.1))
    (fp_line (start 3 -1) (end 3 13) (layer F.Fab) (width 0.1))
    (fp_line (start 3 13) (end -1 13) (layer F.Fab) (width 0.1))
    (fp_line (start -1 13) (end -1 0) (layer F.Fab) (width 0.1))
    (fp_line (start -1 0) (end 0 -1) (layer F.Fab) (width 0.1))
    (fp_line (start -1.06 13.06) (end 3.06 13.06) (layer F.SilkS) (width 0.12))
    (fp_line (start -1.06 1) (end -1.06 13.06) (layer F.SilkS) (width 0.12))
    (fp_line (start 3.06 -1.06) (end 3.06 13.06) (layer F.SilkS) (width 0.12))
    (fp_line (start -1.06 1) (end 1 1) (layer F.SilkS) (width 0.12))
    (fp_line (start 1 1) (end 1 -1.06) (layer F.SilkS) (width 0.12))
    (fp_line (start 1 -1.06) (end 3.06 -1.06) (layer F.SilkS) (width 0.12))
    (fp_line (start -1.06 0) (end -1.06 -1.06) (layer F.SilkS) (width 0.12))
    (fp_line (start -1.06 -1.06) (end 0 -1.06) (layer F.SilkS) (width 0.12))
    (fp_line (start -1.5 -1.5) (end -1.5 13.5) (layer F.CrtYd) (width 0.05))
    (fp_line (start -1.5 13.5) (end 3.5 13.5) (layer F.CrtYd) (width 0.05))
    (fp_line (start 3.5 13.5) (end 3.5 -1.5) (layer F.CrtYd) (width 0.05))
    (fp_line (start 3.5 -1.5) (end -1.5 -1.5) (layer F.CrtYd) (width 0.05))
    (fp_text user %R (at 1 6 180) (layer F.Fab)
      (effects (font (size 1 1) (thickness 0.15)))
    )
    (pad 1 thru_hole rect (at 0 0 90) (size 1.35 1.35) (drill 0.8) (layers *.Cu *.Mask)
      (net 1 VCC))
    (pad 2 thru_hole oval (at 2 0 90) (size 1.35 1.35) (drill 0.8) (layers *.Cu *.Mask)
      (net 5 /SI))
    (pad 3 thru_hole oval (at 0 2 90) (size 1.35 1.35) (drill 0.8) (layers *.Cu *.Mask)
      (net 6 "Net-(J1-Pad3)"))
    (pad 4 thru_hole oval (at 2 2 90) (size 1.35 1.35) (drill 0.8) (layers *.Cu *.Mask)
      (net 7 /Q2.1))
    (pad 5 thru_hole oval (at 0 4 90) (size 1.35 1.35) (drill 0.8) (layers *.Cu *.Mask)
      (net 8 /SO))
    (pad 6 thru_hole oval (at 2 4 90) (size 1.35 1.35) (drill 0.8) (layers *.Cu *.Mask)
      (net 9 "Net-(J1-Pad6)"))
    (pad 7 thru_hole oval (at 0 6 90) (size 1.35 1.35) (drill 0.8) (layers *.Cu *.Mask)
      (net 10 /SCK))
    (pad 8 thru_hole oval (at 2 6 90) (size 1.35 1.35) (drill 0.8) (layers *.Cu *.Mask)
      (net 2 GND))
    (pad 9 thru_hole oval (at 0 8 90) (size 1.35 1.35) (drill 0.8) (layers *.Cu *.Mask)
      (net 11 /Q1.1))
    (pad 10 thru_hole oval (at 2 8 90) (size 1.35 1.35) (drill 0.8) (layers *.Cu *.Mask)
      (net 12 "Net-(J1-Pad10)"))
    (pad 11 thru_hole oval (at 0 10 90) (size 1.35 1.35) (drill 0.8) (layers *.Cu *.Mask)
      (net 13 "Net-(J1-Pad11)"))
    (pad 12 thru_hole oval (at 2 10 90) (size 1.35 1.35) (drill 0.8) (layers *.Cu *.Mask)
      (net 14 "Net-(J1-Pad12)"))
    (pad 13 thru_hole oval (at 0 12 90) (size 1.35 1.35) (drill 0.8) (layers *.Cu *.Mask)
      (net 15 "Net-(J1-Pad13)"))
    (pad 14 thru_hole oval (at 2 12 90) (size 1.35 1.35) (drill 0.8) (layers *.Cu *.Mask)
      (net 2 GND))
    (model ${KISYS3DMOD}/Connector_PinHeader_2.00mm.3dshapes/PinHeader_2x07_P2.00mm_Vertical.wrl
      (at (xyz 0 0 0))
      (scale (xyz 1 1 1))
      (rotate (xyz 0 0 0))
    )
  )

  (module Diode_SMD:D_SOT-23_ANK (layer F.Cu) (tedit 587CCEF9) (tstamp 5BEA01C7)
    (at 65.7 55.049 180)
    (descr "SOT-23, Single Diode")
    (tags SOT-23)
    (path /5BDCFAAC)
    (attr smd)
    (fp_text reference Q1 (at 0.889 1.27 180) (layer F.SilkS)
      (effects (font (size 1 1) (thickness 0.15)))
    )
    (fp_text value D (at 0 2.5 180) (layer F.Fab)
      (effects (font (size 1 1) (thickness 0.15)))
    )
    (fp_text user %R (at 0 -2.5 180) (layer F.Fab)
      (effects (font (size 1 1) (thickness 0.15)))
    )
    (fp_line (start -0.15 -0.45) (end -0.4 -0.45) (layer F.Fab) (width 0.1))
    (fp_line (start -0.15 -0.25) (end 0.15 -0.45) (layer F.Fab) (width 0.1))
    (fp_line (start -0.15 -0.65) (end -0.15 -0.25) (layer F.Fab) (width 0.1))
    (fp_line (start 0.15 -0.45) (end -0.15 -0.65) (layer F.Fab) (width 0.1))
    (fp_line (start 0.15 -0.45) (end 0.4 -0.45) (layer F.Fab) (width 0.1))
    (fp_line (start 0.15 -0.65) (end 0.15 -0.25) (layer F.Fab) (width 0.1))
    (fp_line (start 0.76 1.58) (end 0.76 0.65) (layer F.SilkS) (width 0.12))
    (fp_line (start 0.76 -1.58) (end 0.76 -0.65) (layer F.SilkS) (width 0.12))
    (fp_line (start 0.7 -1.52) (end 0.7 1.52) (layer F.Fab) (width 0.1))
    (fp_line (start -0.7 1.52) (end 0.7 1.52) (layer F.Fab) (width 0.1))
    (fp_line (start -1.7 -1.75) (end 1.7 -1.75) (layer F.CrtYd) (width 0.05))
    (fp_line (start 1.7 -1.75) (end 1.7 1.75) (layer F.CrtYd) (width 0.05))
    (fp_line (start 1.7 1.75) (end -1.7 1.75) (layer F.CrtYd) (width 0.05))
    (fp_line (start -1.7 1.75) (end -1.7 -1.75) (layer F.CrtYd) (width 0.05))
    (fp_line (start 0.76 -1.58) (end -1.4 -1.58) (layer F.SilkS) (width 0.12))
    (fp_line (start -0.7 -1.52) (end 0.7 -1.52) (layer F.Fab) (width 0.1))
    (fp_line (start -0.7 -1.52) (end -0.7 1.52) (layer F.Fab) (width 0.1))
    (fp_line (start 0.76 1.58) (end -0.7 1.58) (layer F.SilkS) (width 0.12))
    (pad 2 smd rect (at -1 -0.95 180) (size 0.9 0.8) (layers F.Cu F.Paste F.Mask)
      (net 3 "Net-(D1-Pad3)"))
    (pad "" smd rect (at -1 0.95 180) (size 0.9 0.8) (layers F.Cu F.Paste F.Mask))
    (pad 1 smd rect (at 1 0 180) (size 0.9 0.8) (layers F.Cu F.Paste F.Mask)
      (net 11 /Q1.1))
    (model ${KISYS3DMOD}/Diode_SMD.3dshapes/D_SOT-23.wrl
      (at (xyz 0 0 0))
      (scale (xyz 1 1 1))
      (rotate (xyz 0 0 0))
    )
  )

  (module Diode_SMD:D_SOT-23_ANK (layer F.Cu) (tedit 587CCEF9) (tstamp 5BEA01E1)
    (at 65.7 51.239 180)
    (descr "SOT-23, Single Diode")
    (tags SOT-23)
    (path /5BDD33C4)
    (attr smd)
    (fp_text reference Q2 (at 0.127 2.413 180) (layer F.SilkS)
      (effects (font (size 1 1) (thickness 0.15)))
    )
    (fp_text value D (at 0 2.5 180) (layer F.Fab)
      (effects (font (size 1 1) (thickness 0.15)))
    )
    (fp_line (start 0.76 1.58) (end -0.7 1.58) (layer F.SilkS) (width 0.12))
    (fp_line (start -0.7 -1.52) (end -0.7 1.52) (layer F.Fab) (width 0.1))
    (fp_line (start -0.7 -1.52) (end 0.7 -1.52) (layer F.Fab) (width 0.1))
    (fp_line (start 0.76 -1.58) (end -1.4 -1.58) (layer F.SilkS) (width 0.12))
    (fp_line (start -1.7 1.75) (end -1.7 -1.75) (layer F.CrtYd) (width 0.05))
    (fp_line (start 1.7 1.75) (end -1.7 1.75) (layer F.CrtYd) (width 0.05))
    (fp_line (start 1.7 -1.75) (end 1.7 1.75) (layer F.CrtYd) (width 0.05))
    (fp_line (start -1.7 -1.75) (end 1.7 -1.75) (layer F.CrtYd) (width 0.05))
    (fp_line (start -0.7 1.52) (end 0.7 1.52) (layer F.Fab) (width 0.1))
    (fp_line (start 0.7 -1.52) (end 0.7 1.52) (layer F.Fab) (width 0.1))
    (fp_line (start 0.76 -1.58) (end 0.76 -0.65) (layer F.SilkS) (width 0.12))
    (fp_line (start 0.76 1.58) (end 0.76 0.65) (layer F.SilkS) (width 0.12))
    (fp_line (start 0.15 -0.65) (end 0.15 -0.25) (layer F.Fab) (width 0.1))
    (fp_line (start 0.15 -0.45) (end 0.4 -0.45) (layer F.Fab) (width 0.1))
    (fp_line (start 0.15 -0.45) (end -0.15 -0.65) (layer F.Fab) (width 0.1))
    (fp_line (start -0.15 -0.65) (end -0.15 -0.25) (layer F.Fab) (width 0.1))
    (fp_line (start -0.15 -0.25) (end 0.15 -0.45) (layer F.Fab) (width 0.1))
    (fp_line (start -0.15 -0.45) (end -0.4 -0.45) (layer F.Fab) (width 0.1))
    (fp_text user %R (at 0 -2.5 180) (layer F.Fab)
      (effects (font (size 1 1) (thickness 0.15)))
    )
    (pad 1 smd rect (at 1 0 180) (size 0.9 0.8) (layers F.Cu F.Paste F.Mask)
      (net 7 /Q2.1))
    (pad "" smd rect (at -1 0.95 180) (size 0.9 0.8) (layers F.Cu F.Paste F.Mask))
    (pad 2 smd rect (at -1 -0.95 180) (size 0.9 0.8) (layers F.Cu F.Paste F.Mask)
      (net 4 "Net-(D1-Pad2)"))
    (model ${KISYS3DMOD}/Diode_SMD.3dshapes/D_SOT-23.wrl
      (at (xyz 0 0 0))
      (scale (xyz 1 1 1))
      (rotate (xyz 0 0 0))
    )
  )

  (module Resistor_SMD:R_0603_1608Metric (layer F.Cu) (tedit 5B301BBD) (tstamp 5BEA01F2)
    (at 52.2125 62.542 180)
    (descr "Resistor SMD 0603 (1608 Metric), square (rectangular) end terminal, IPC_7351 nominal, (Body size source: http://www.tortai-tech.com/upload/download/2011102023233369053.pdf), generated with kicad-footprint-generator")
    (tags resistor)
    (path /5BDD062B)
    (attr smd)
    (fp_text reference R1 (at 0 -1.524 180) (layer F.SilkS)
      (effects (font (size 1 1) (thickness 0.15)))
    )
    (fp_text value R (at 0 1.43 180) (layer F.Fab)
      (effects (font (size 1 1) (thickness 0.15)))
    )
    (fp_text user %R (at 0 0 180) (layer F.Fab)
      (effects (font (size 0.4 0.4) (thickness 0.06)))
    )
    (fp_line (start 1.48 0.73) (end -1.48 0.73) (layer F.CrtYd) (width 0.05))
    (fp_line (start 1.48 -0.73) (end 1.48 0.73) (layer F.CrtYd) (width 0.05))
    (fp_line (start -1.48 -0.73) (end 1.48 -0.73) (layer F.CrtYd) (width 0.05))
    (fp_line (start -1.48 0.73) (end -1.48 -0.73) (layer F.CrtYd) (width 0.05))
    (fp_line (start -0.162779 0.51) (end 0.162779 0.51) (layer F.SilkS) (width 0.12))
    (fp_line (start -0.162779 -0.51) (end 0.162779 -0.51) (layer F.SilkS) (width 0.12))
    (fp_line (start 0.8 0.4) (end -0.8 0.4) (layer F.Fab) (width 0.1))
    (fp_line (start 0.8 -0.4) (end 0.8 0.4) (layer F.Fab) (width 0.1))
    (fp_line (start -0.8 -0.4) (end 0.8 -0.4) (layer F.Fab) (width 0.1))
    (fp_line (start -0.8 0.4) (end -0.8 -0.4) (layer F.Fab) (width 0.1))
    (pad 2 smd roundrect (at 0.7875 0 180) (size 0.875 0.95) (layers F.Cu F.Paste F.Mask) (roundrect_rratio 0.25)
      (net 16 /~HOLD))
    (pad 1 smd roundrect (at -0.7875 0 180) (size 0.875 0.95) (layers F.Cu F.Paste F.Mask) (roundrect_rratio 0.25)
      (net 1 VCC))
    (model ${KISYS3DMOD}/Resistor_SMD.3dshapes/R_0603_1608Metric.wrl
      (at (xyz 0 0 0))
      (scale (xyz 1 1 1))
      (rotate (xyz 0 0 0))
    )
  )

  (module Resistor_SMD:R_0603_1608Metric (layer F.Cu) (tedit 5B301BBD) (tstamp 5BEA0203)
    (at 62.906 52.382 270)
    (descr "Resistor SMD 0603 (1608 Metric), square (rectangular) end terminal, IPC_7351 nominal, (Body size source: http://www.tortai-tech.com/upload/download/2011102023233369053.pdf), generated with kicad-footprint-generator")
    (tags resistor)
    (path /5BDD0751)
    (attr smd)
    (fp_text reference R2 (at -2.667 0 90) (layer F.SilkS)
      (effects (font (size 1 1) (thickness 0.15)))
    )
    (fp_text value R (at 0 1.43 270) (layer F.Fab)
      (effects (font (size 1 1) (thickness 0.15)))
    )
    (fp_line (start -0.8 0.4) (end -0.8 -0.4) (layer F.Fab) (width 0.1))
    (fp_line (start -0.8 -0.4) (end 0.8 -0.4) (layer F.Fab) (width 0.1))
    (fp_line (start 0.8 -0.4) (end 0.8 0.4) (layer F.Fab) (width 0.1))
    (fp_line (start 0.8 0.4) (end -0.8 0.4) (layer F.Fab) (width 0.1))
    (fp_line (start -0.162779 -0.51) (end 0.162779 -0.51) (layer F.SilkS) (width 0.12))
    (fp_line (start -0.162779 0.51) (end 0.162779 0.51) (layer F.SilkS) (width 0.12))
    (fp_line (start -1.48 0.73) (end -1.48 -0.73) (layer F.CrtYd) (width 0.05))
    (fp_line (start -1.48 -0.73) (end 1.48 -0.73) (layer F.CrtYd) (width 0.05))
    (fp_line (start 1.48 -0.73) (end 1.48 0.73) (layer F.CrtYd) (width 0.05))
    (fp_line (start 1.48 0.73) (end -1.48 0.73) (layer F.CrtYd) (width 0.05))
    (fp_text user %R (at 0 0 270) (layer F.Fab)
      (effects (font (size 0.4 0.4) (thickness 0.06)))
    )
    (pad 1 smd roundrect (at -0.7875 0 270) (size 0.875 0.95) (layers F.Cu F.Paste F.Mask) (roundrect_rratio 0.25)
      (net 1 VCC))
    (pad 2 smd roundrect (at 0.7875 0 270) (size 0.875 0.95) (layers F.Cu F.Paste F.Mask) (roundrect_rratio 0.25)
      (net 17 /~WP))
    (model ${KISYS3DMOD}/Resistor_SMD.3dshapes/R_0603_1608Metric.wrl
      (at (xyz 0 0 0))
      (scale (xyz 1 1 1))
      (rotate (xyz 0 0 0))
    )
  )

  (module Resistor_SMD:R_0603_1608Metric (layer F.Cu) (tedit 5B301BBD) (tstamp 5BEA0214)
    (at 62.906 55.811 270)
    (descr "Resistor SMD 0603 (1608 Metric), square (rectangular) end terminal, IPC_7351 nominal, (Body size source: http://www.tortai-tech.com/upload/download/2011102023233369053.pdf), generated with kicad-footprint-generator")
    (tags resistor)
    (path /5BDD29B6)
    (attr smd)
    (fp_text reference R3 (at 2.54 0 270) (layer F.SilkS)
      (effects (font (size 1 1) (thickness 0.15)))
    )
    (fp_text value R (at 0 1.43 270) (layer F.Fab)
      (effects (font (size 1 1) (thickness 0.15)))
    )
    (fp_line (start -0.8 0.4) (end -0.8 -0.4) (layer F.Fab) (width 0.1))
    (fp_line (start -0.8 -0.4) (end 0.8 -0.4) (layer F.Fab) (width 0.1))
    (fp_line (start 0.8 -0.4) (end 0.8 0.4) (layer F.Fab) (width 0.1))
    (fp_line (start 0.8 0.4) (end -0.8 0.4) (layer F.Fab) (width 0.1))
    (fp_line (start -0.162779 -0.51) (end 0.162779 -0.51) (layer F.SilkS) (width 0.12))
    (fp_line (start -0.162779 0.51) (end 0.162779 0.51) (layer F.SilkS) (width 0.12))
    (fp_line (start -1.48 0.73) (end -1.48 -0.73) (layer F.CrtYd) (width 0.05))
    (fp_line (start -1.48 -0.73) (end 1.48 -0.73) (layer F.CrtYd) (width 0.05))
    (fp_line (start 1.48 -0.73) (end 1.48 0.73) (layer F.CrtYd) (width 0.05))
    (fp_line (start 1.48 0.73) (end -1.48 0.73) (layer F.CrtYd) (width 0.05))
    (fp_text user %R (at 0 0 270) (layer F.Fab)
      (effects (font (size 0.4 0.4) (thickness 0.06)))
    )
    (pad 1 smd roundrect (at -0.7875 0 270) (size 0.875 0.95) (layers F.Cu F.Paste F.Mask) (roundrect_rratio 0.25)
      (net 2 GND))
    (pad 2 smd roundrect (at 0.7875 0 270) (size 0.875 0.95) (layers F.Cu F.Paste F.Mask) (roundrect_rratio 0.25)
      (net 4 "Net-(D1-Pad2)"))
    (model ${KISYS3DMOD}/Resistor_SMD.3dshapes/R_0603_1608Metric.wrl
      (at (xyz 0 0 0))
      (scale (xyz 1 1 1))
      (rotate (xyz 0 0 0))
    )
  )

  (module Resistor_SMD:R_0603_1608Metric (layer F.Cu) (tedit 5B301BBD) (tstamp 5BEA0225)
    (at 60.112 64.574)
    (descr "Resistor SMD 0603 (1608 Metric), square (rectangular) end terminal, IPC_7351 nominal, (Body size source: http://www.tortai-tech.com/upload/download/2011102023233369053.pdf), generated with kicad-footprint-generator")
    (tags resistor)
    (path /5BDD2176)
    (attr smd)
    (fp_text reference R4 (at -2.667 0) (layer F.SilkS)
      (effects (font (size 1 1) (thickness 0.15)))
    )
    (fp_text value R (at 0 1.43) (layer F.Fab)
      (effects (font (size 1 1) (thickness 0.15)))
    )
    (fp_text user %R (at 0 0) (layer F.Fab)
      (effects (font (size 0.4 0.4) (thickness 0.06)))
    )
    (fp_line (start 1.48 0.73) (end -1.48 0.73) (layer F.CrtYd) (width 0.05))
    (fp_line (start 1.48 -0.73) (end 1.48 0.73) (layer F.CrtYd) (width 0.05))
    (fp_line (start -1.48 -0.73) (end 1.48 -0.73) (layer F.CrtYd) (width 0.05))
    (fp_line (start -1.48 0.73) (end -1.48 -0.73) (layer F.CrtYd) (width 0.05))
    (fp_line (start -0.162779 0.51) (end 0.162779 0.51) (layer F.SilkS) (width 0.12))
    (fp_line (start -0.162779 -0.51) (end 0.162779 -0.51) (layer F.SilkS) (width 0.12))
    (fp_line (start 0.8 0.4) (end -0.8 0.4) (layer F.Fab) (width 0.1))
    (fp_line (start 0.8 -0.4) (end 0.8 0.4) (layer F.Fab) (width 0.1))
    (fp_line (start -0.8 -0.4) (end 0.8 -0.4) (layer F.Fab) (width 0.1))
    (fp_line (start -0.8 0.4) (end -0.8 -0.4) (layer F.Fab) (width 0.1))
    (pad 2 smd roundrect (at 0.7875 0) (size 0.875 0.95) (layers F.Cu F.Paste F.Mask) (roundrect_rratio 0.25)
      (net 3 "Net-(D1-Pad3)"))
    (pad 1 smd roundrect (at -0.7875 0) (size 0.875 0.95) (layers F.Cu F.Paste F.Mask) (roundrect_rratio 0.25)
      (net 2 GND))
    (model ${KISYS3DMOD}/Resistor_SMD.3dshapes/R_0603_1608Metric.wrl
      (at (xyz 0 0 0))
      (scale (xyz 1 1 1))
      (rotate (xyz 0 0 0))
    )
  )

  (module Resistor_SMD:R_0603_1608Metric (layer F.Cu) (tedit 5B301BBD) (tstamp 5BEA0236)
    (at 60.1375 62.669)
    (descr "Resistor SMD 0603 (1608 Metric), square (rectangular) end terminal, IPC_7351 nominal, (Body size source: http://www.tortai-tech.com/upload/download/2011102023233369053.pdf), generated with kicad-footprint-generator")
    (tags resistor)
    (path /5BDCF41B)
    (attr smd)
    (fp_text reference R5 (at -2.3115 0) (layer F.SilkS)
      (effects (font (size 1 1) (thickness 0.15)))
    )
    (fp_text value R (at 0 1.43) (layer F.Fab)
      (effects (font (size 1 1) (thickness 0.15)))
    )
    (fp_line (start -0.8 0.4) (end -0.8 -0.4) (layer F.Fab) (width 0.1))
    (fp_line (start -0.8 -0.4) (end 0.8 -0.4) (layer F.Fab) (width 0.1))
    (fp_line (start 0.8 -0.4) (end 0.8 0.4) (layer F.Fab) (width 0.1))
    (fp_line (start 0.8 0.4) (end -0.8 0.4) (layer F.Fab) (width 0.1))
    (fp_line (start -0.162779 -0.51) (end 0.162779 -0.51) (layer F.SilkS) (width 0.12))
    (fp_line (start -0.162779 0.51) (end 0.162779 0.51) (layer F.SilkS) (width 0.12))
    (fp_line (start -1.48 0.73) (end -1.48 -0.73) (layer F.CrtYd) (width 0.05))
    (fp_line (start -1.48 -0.73) (end 1.48 -0.73) (layer F.CrtYd) (width 0.05))
    (fp_line (start 1.48 -0.73) (end 1.48 0.73) (layer F.CrtYd) (width 0.05))
    (fp_line (start 1.48 0.73) (end -1.48 0.73) (layer F.CrtYd) (width 0.05))
    (fp_text user %R (at 0 0) (layer F.Fab)
      (effects (font (size 0.4 0.4) (thickness 0.06)))
    )
    (pad 1 smd roundrect (at -0.7875 0) (size 0.875 0.95) (layers F.Cu F.Paste F.Mask) (roundrect_rratio 0.25)
      (net 18 /~CS))
    (pad 2 smd roundrect (at 0.7875 0) (size 0.875 0.95) (layers F.Cu F.Paste F.Mask) (roundrect_rratio 0.25)
      (net 6 "Net-(J1-Pad3)"))
    (model ${KISYS3DMOD}/Resistor_SMD.3dshapes/R_0603_1608Metric.wrl
      (at (xyz 0 0 0))
      (scale (xyz 1 1 1))
      (rotate (xyz 0 0 0))
    )
  )

  (module Symbol:OSHW-Logo2_7.3x6mm_SilkScreen (layer B.Cu) (tedit 0) (tstamp 5BE96713)
    (at 62.906 50.985)
    (descr "Open Source Hardware Symbol")
    (tags "Logo Symbol OSHW")
    (attr virtual)
    (fp_text reference REF** (at 0 0) (layer B.SilkS) hide
      (effects (font (size 1 1) (thickness 0.15)) (justify mirror))
    )
    (fp_text value OSHW-Logo2_7.3x6mm_SilkScreen (at 0.75 0) (layer B.Fab) hide
